Classification report for KNN classifier for k=1:
              precision    recall  f1-score   support

         701       0.88      1.00      0.94        15
         702       1.00      0.79      0.88        14
         703       1.00      0.91      0.95        11
         704       0.91      0.83      0.87        12
         705       1.00      0.88      0.93         8
         706       1.00      1.00      1.00        14
         707       0.86      0.92      0.89        13
         708       0.89      0.89      0.89         9
         709       1.00      1.00      1.00        14
         710       0.80      0.86      0.83        14
         711       0.82      0.69      0.75        13
         712       0.80      1.00      0.89         8
         713       0.83      1.00      0.91        15
         714       0.94      1.00      0.97        15
         715       0.65      0.85      0.73        13
         716       0.92      1.00      0.96        12
         717       1.00      0.85      0.92        13
         718       0.79      1.00      0.88        15
         719       0.80      0.92      0.86        13
         720       1.00      0.90      0.95        10
         721       0.77      0.83      0.80        12
         722       0.86      1.00      0.92         6
         723       0.71      0.83      0.77        12
         724       1.00      0.33      0.50        12
         725       1.00      0.79      0.88        14
         726       0.92      0.92      0.92        12
         727       1.00      1.00      1.00        14
         728       0.93      1.00      0.97        14
         729       0.64      0.69      0.67        13
         730       0.82      1.00      0.90         9
         731       0.54      0.78      0.64         9
         732       0.94      1.00      0.97        15
         733       0.86      0.92      0.89        13
         734       0.93      1.00      0.96        13
         735       1.00      1.00      1.00         7
         736       1.00      1.00      1.00        10
         737       0.72      1.00      0.84        13
         738       1.00      1.00      1.00        10
         739       0.53      0.64      0.58        14
         740       1.00      0.92      0.96        13
         741       0.92      1.00      0.96        12
         742       1.00      0.87      0.93        15
         743       0.60      0.25      0.35        12
         744       0.94      1.00      0.97        15
         745       0.54      0.78      0.64         9
         746       0.82      0.82      0.82        11
         747       0.83      0.77      0.80        13
         748       0.81      1.00      0.90        13
         749       1.00      0.93      0.96        14
         750       0.55      0.85      0.67        13
         751       0.67      0.18      0.29        11
         752       0.70      0.93      0.80        15
         753       0.73      1.00      0.85        11
         754       0.69      0.92      0.79        12
         755       0.88      0.64      0.74        11
         756       0.62      0.38      0.48        13
         757       0.77      0.77      0.77        13
         758       0.89      0.89      0.89         9
         759       0.69      0.75      0.72        12
         760       1.00      0.82      0.90        11
         761       0.85      0.85      0.85        13
         762       1.00      0.56      0.71         9
         763       0.50      0.40      0.44        10
         764       0.82      0.93      0.87        15
         765       0.93      1.00      0.97        14
         766       0.92      1.00      0.96        12
         767       1.00      1.00      1.00        14
         768       0.50      0.36      0.42        11
         769       0.89      0.62      0.73        13
         770       0.92      1.00      0.96        12
         771       1.00      1.00      1.00        14
         772       1.00      0.93      0.97        15
         773       0.88      1.00      0.93        14
         774       1.00      1.00      1.00        12
         775       1.00      0.50      0.67        12
         776       0.59      1.00      0.74        10
         777       0.90      0.90      0.90        10
         778       1.00      0.53      0.70        15
         779       1.00      0.40      0.57        15
         780       0.60      0.75      0.67         8
         781       0.90      0.69      0.78        13
         782       1.00      1.00      1.00        15
         783       0.92      0.92      0.92        12
         784       0.73      0.73      0.73        15
         785       0.93      0.93      0.93        15
         786       0.92      0.85      0.88        13
         787       1.00      1.00      1.00        15
         788       0.93      1.00      0.97        14
         789       1.00      1.00      1.00        14
         790       0.80      0.89      0.84         9
         791       0.85      0.73      0.79        15
         792       0.92      0.85      0.88        13
         793       0.89      0.62      0.73        13
         794       0.82      0.64      0.72        14
         795       0.60      0.55      0.57        11
         796       0.93      1.00      0.97        14
         797       1.00      1.00      1.00        12
         798       0.91      0.91      0.91        11
         799       1.00      0.82      0.90        11
         800       0.69      0.90      0.78        10
         801       0.93      1.00      0.97        14
         802       0.79      0.92      0.85        12
         803       1.00      0.91      0.95        11
         804       0.92      1.00      0.96        12
         805       0.81      1.00      0.90        13
         806       0.69      0.69      0.69        13
         807       0.88      1.00      0.93        14
         808       0.83      1.00      0.91        10
         809       1.00      0.93      0.96        14
         810       0.90      0.69      0.78        13
         811       0.93      0.87      0.90        15
         812       0.87      0.93      0.90        14
         813       0.81      0.87      0.84        15
         814       0.92      0.73      0.81        15
         842       0.90      0.82      0.86        11
         843       1.00      0.69      0.82        13
         844       1.00      0.87      0.93        15
         845       0.75      1.00      0.86        15
         846       1.00      0.69      0.82        13
         847       0.56      0.71      0.63         7
         848       1.00      0.93      0.96        14
         849       0.83      0.71      0.77        14
         850       0.87      1.00      0.93        13

    accuracy                           0.85      1861
   macro avg       0.85      0.84      0.84      1861
weighted avg       0.86      0.85      0.84      1861