Classification report for Rochhio classifier:
(with TF-IDF scoring and Euclidean Distance)
                 precision    recall  f1-score   support
         701       0.89      0.53      0.67        15
         702       0.00      0.00      0.00        14
         703       1.00      0.18      0.31        11
         704       1.00      0.42      0.59        12
         705       0.75      0.38      0.50         8
         706       1.00      0.71      0.83        14
         707       0.69      0.69      0.69        13
         708       0.88      0.78      0.82         9
         709       1.00      0.50      0.67        14
         710       1.00      0.57      0.73        14
         711       0.83      0.38      0.53        13
         712       1.00      0.62      0.77         8
         713       0.89      0.53      0.67        15
         714       1.00      0.53      0.70        15
         715       0.86      0.46      0.60        13
         716       1.00      0.42      0.59        12
         717       1.00      0.85      0.92        13
         718       0.62      0.33      0.43        15
         719       0.83      0.38      0.53        13
         720       1.00      0.40      0.57        10
         721       0.00      0.00      0.00        12
         722       1.00      0.83      0.91         6
         723       0.89      0.67      0.76        12
         724       1.00      0.08      0.15        12
         725       1.00      0.57      0.73        14
         726       1.00      0.42      0.59        12
         727       1.00      0.36      0.53        14
         728       0.80      0.29      0.42        14
         729       0.14      0.38      0.20        13
         730       1.00      0.11      0.20         9
         731       0.67      0.44      0.53         9
         732       0.89      0.53      0.67        15
         733       1.00      0.38      0.56        13
         734       1.00      0.46      0.63        13
         735       1.00      0.43      0.60         7
         736       1.00      0.70      0.82        10
         737       0.83      0.38      0.53        13
         738       1.00      0.30      0.46        10
         739       0.57      0.57      0.57        14
         740       0.88      0.54      0.67        13
         741       0.80      0.33      0.47        12
         742       1.00      0.67      0.80        15
         743       0.50      0.08      0.14        12
         744       0.89      0.53      0.67        15
         745       0.60      0.33      0.43         9
         746       1.00      0.55      0.71        11
         747       0.78      0.54      0.64        13
         748       0.92      0.85      0.88        13
         749       1.00      0.21      0.35        14
         750       0.50      0.23      0.32        13
         751       0.14      0.09      0.11        11
         752       0.90      0.60      0.72        15
         753       1.00      0.45      0.62        11
         754       1.00      0.50      0.67        12
         755       0.15      0.73      0.24        11
         756       1.00      0.23      0.38        13
         757       1.00      0.62      0.76        13
         758       1.00      0.67      0.80         9
         759       1.00      0.08      0.15        12
         760       1.00      0.73      0.84        11
         761       1.00      0.46      0.63        13
         762       0.30      0.67      0.41         9
         763       0.33      0.10      0.15        10
         764       0.71      0.33      0.45        15
         765       1.00      0.57      0.73        14
         766       1.00      0.50      0.67        12
         767       1.00      0.64      0.78        14
         768       0.17      0.27      0.21        11
         769       0.00      0.00      0.00        13
         770       1.00      0.17      0.29        12
         771       1.00      0.21      0.35        14
         772       1.00      0.60      0.75        15
         773       0.86      0.43      0.57        14
         774       1.00      0.58      0.74        12
         775       1.00      0.25      0.40        12
         776       0.78      0.70      0.74        10
         777       1.00      0.40      0.57        10
         778       0.00      0.00      0.00        15
         779       0.44      0.47      0.45        15
         780       1.00      0.12      0.22         8
         781       0.50      0.38      0.43        13
         782       1.00      0.53      0.70        15
         783       1.00      0.67      0.80        12
         784       1.00      0.07      0.12        15
         785       1.00      0.40      0.57        15
         786       1.00      0.46      0.63        13
         787       1.00      0.73      0.85        15
         788       0.83      0.36      0.50        14
         789       1.00      0.71      0.83        14
         790       0.75      0.67      0.71         9
         791       1.00      0.27      0.42        15
         792       1.00      0.54      0.70        13
         793       0.02      0.92      0.03        13
         794       1.00      0.36      0.53        14
         795       0.21      0.36      0.27        11
         796       1.00      0.29      0.44        14
         797       0.80      0.33      0.47        12
         798       0.30      0.27      0.29        11
         799       1.00      0.36      0.53        11
         800       0.62      0.80      0.70        10
         801       0.89      0.57      0.70        14
         802       0.75      0.75      0.75        12
         803       1.00      0.91      0.95        11
         804       0.88      0.58      0.70        12
         805       1.00      0.62      0.76        13
         806       0.50      0.15      0.24        13
         807       0.89      0.57      0.70        14
         808       0.86      0.60      0.71        10
         809       1.00      0.36      0.53        14
         810       0.75      0.23      0.35        13
         811       1.00      0.27      0.42        15
         812       1.00      0.07      0.13        14
         813       1.00      0.47      0.64        15
         814       0.80      0.27      0.40        15
         815       1.00      0.29      0.44        14
         816       0.83      0.33      0.48        15
         817       1.00      0.69      0.82        13
         818       0.75      0.50      0.60        12
         819       0.17      0.25      0.20         8
         820       1.00      0.78      0.88         9
         821       0.80      0.36      0.50        11
         843       0.75      0.23      0.35        13
         844       1.00      0.33      0.50        15
         845       0.56      0.33      0.42        15
         846       0.42      0.38      0.40        13
         847       1.00      0.43      0.60         7
         848       1.00      0.64      0.78        14
         849       0.67      0.14      0.24        14
         850       1.00      0.46      0.63        13

    accuracy                           0.43      1861
   macro avg       0.80      0.43      0.52      1861
weighted avg       0.81      0.43      0.52      1861

------------------------------------------------------------------------------

Classification report for Rochhio classifier:
(with Term Frequency and Manhattan Distance)
             precision    recall  f1-score   support

         701       0.50      0.07      0.12        15
         702       0.00      0.00      0.00        14
         703       1.00      0.18      0.31        11
         704       0.00      0.00      0.00        12
         705       0.75      0.38      0.50         8
         706       0.80      0.29      0.42        14
         707       0.80      0.31      0.44        13
         708       1.00      0.33      0.50         9
         709       1.00      0.21      0.35        14
         710       1.00      0.36      0.53        14
         711       0.33      0.08      0.12        13
         712       0.67      0.50      0.57         8
         713       0.67      0.13      0.22        15
         714       1.00      0.20      0.33        15
         715       1.00      0.15      0.27        13
         716       1.00      0.17      0.29        12
         717       0.55      0.46      0.50        13
         718       0.00      0.00      0.00        15
         719       1.00      0.15      0.27        13
         720       0.14      0.10      0.12        10
         721       0.00      0.00      0.00        12
         722       1.00      0.67      0.80         6
         723       1.00      0.25      0.40        12
         724       1.00      0.08      0.15        12
         725       0.00      0.00      0.00        14
         726       1.00      0.33      0.50        12
         727       1.00      0.14      0.25        14
         728       0.00      0.00      0.00        14
         729       0.67      0.15      0.25        13
         730       1.00      0.11      0.20         9
         731       0.00      0.00      0.00         9
         732       1.00      0.20      0.33        15
         733       1.00      0.38      0.56        13
         734       0.80      0.31      0.44        13
         735       1.00      0.29      0.44         7
         736       1.00      0.60      0.75        10
         737       1.00      0.08      0.14        13
         738       1.00      0.10      0.18        10
         739       0.36      0.29      0.32        14
         740       1.00      0.38      0.56        13
         741       0.00      0.00      0.00        12
         742       0.83      0.33      0.48        15
         743       0.50      0.08      0.14        12
         744       1.00      0.20      0.33        15
         745       0.00      0.00      0.00         9
         746       1.00      0.09      0.17        11
         747       1.00      0.08      0.14        13
         748       1.00      0.46      0.63        13
         749       0.00      0.00      0.00        14
         750       1.00      0.15      0.27        13
         751       0.00      0.00      0.00        11
         752       0.86      0.40      0.55        15
         753       1.00      0.27      0.43        11
         754       1.00      0.08      0.15        12
         755       0.29      0.18      0.22        11
         756       1.00      0.15      0.27        13
         757       0.00      0.00      0.00        13
         758       0.67      0.44      0.53         9
         759       0.00      0.00      0.00        12
         760       1.00      0.27      0.43        11
         761       0.00      0.00      0.00        13
         762       0.67      0.22      0.33         9
         763       0.00      0.00      0.00        10
         764       0.80      0.27      0.40        15
         765       1.00      0.36      0.53        14
         766       1.00      0.25      0.40        12
         767       1.00      0.21      0.35        14
         768       0.12      0.09      0.11        11
         769       0.00      0.00      0.00        13
         770       1.00      0.17      0.29        12
         771       0.00      0.00      0.00        14
         772       1.00      0.47      0.64        15
         773       1.00      0.14      0.25        14
         774       0.00      0.00      0.00        12
         775       1.00      0.25      0.40        12
         776       0.83      0.50      0.62        10
         777       1.00      0.30      0.46        10
         778       0.00      0.00      0.00        15
         779       0.50      0.13      0.21        15
         780       0.67      0.25      0.36         8
         781       0.50      0.08      0.13        13
         782       1.00      0.13      0.24        15
         783       1.00      0.17      0.29        12
         784       0.00      0.00      0.00        15
         785       1.00      0.13      0.24        15
         786       0.00      0.00      0.00        13
         787       0.80      0.27      0.40        15
         788       0.50      0.07      0.12        14
         789       1.00      0.71      0.83        14
         790       0.80      0.44      0.57         9
         791       1.00      0.07      0.12        15
         792       1.00      0.23      0.38        13
         793       0.01      1.00      0.02        13
         794       1.00      0.21      0.35        14
         795       0.00      0.00      0.00        11
         796       0.00      0.00      0.00        14
         797       0.50      0.25      0.33        12
         798       0.00      0.00      0.00        11
         799       1.00      0.36      0.53        11
         800       0.50      0.10      0.17        10
         801       0.67      0.14      0.24        14
         802       0.75      0.25      0.38        12
         803       1.00      0.09      0.17        11
         804       0.00      0.00      0.00        12
         805       0.67      0.31      0.42        13
         806       0.00      0.00      0.00        13
         807       0.56      0.36      0.43        14
         808       1.00      0.30      0.46        10
         809       0.75      0.21      0.33        14
         810       0.60      0.23      0.33        13
         811       1.00      0.13      0.24        15
         812       0.00      0.00      0.00        14
         813       1.00      0.20      0.33        15
         814       0.50      0.07      0.12        15
         815       1.00      0.07      0.13        14
         835       0.23      0.36      0.28        14
         836       1.00      0.07      0.13        14
         837       0.00      0.00      0.00        10
         838       0.00      0.00      0.00        13
         839       1.00      0.15      0.27        13
         840       0.00      0.00      0.00        15
         841       1.00      0.08      0.14        13
         842       1.00      0.09      0.17        11
         843       0.00      0.00      0.00        13
         844       1.00      0.07      0.12        15
         845       1.00      0.07      0.12        15
         846       0.33      0.08      0.12        13
         847       0.00      0.00      0.00         7
         848       1.00      0.14      0.25        14
         849       0.50      0.07      0.12        14
         850       1.00      0.15      0.27        13

    accuracy                           0.16      1861
   macro avg       0.61      0.17      0.24      1861
weighted avg       0.62      0.16      0.23      1861