Classification report for KNN classifier for k=3:
              precision    recall  f1-score   support

         701       0.88      1.00      0.94        15
         702       1.00      0.79      0.88        14
         703       1.00      1.00      1.00        11
         704       0.91      0.83      0.87        12
         705       1.00      0.88      0.93         8
         706       1.00      1.00      1.00        14
         707       0.80      0.92      0.86        13
         708       0.89      0.89      0.89         9
         709       1.00      1.00      1.00        14
         710       0.86      0.86      0.86        14
         711       0.69      0.69      0.69        13
         712       0.89      1.00      0.94         8
         713       0.88      1.00      0.94        15
         714       0.94      1.00      0.97        15
         715       0.64      0.69      0.67        13
         716       0.86      1.00      0.92        12
         717       1.00      0.92      0.96        13
         718       0.79      1.00      0.88        15
         719       0.79      0.85      0.81        13
         720       1.00      0.90      0.95        10
         721       0.79      0.92      0.85        12
         722       0.55      1.00      0.71         6
         723       0.59      0.83      0.69        12
         724       1.00      0.17      0.29        12
         725       1.00      0.93      0.96        14
         726       0.92      1.00      0.96        12
         727       1.00      1.00      1.00        14
         728       0.88      1.00      0.93        14
         729       0.67      0.62      0.64        13
         730       0.75      1.00      0.86         9
         731       0.54      0.78      0.64         9
         732       0.88      0.93      0.90        15
         733       0.92      0.92      0.92        13
         734       1.00      1.00      1.00        13
         735       0.88      1.00      0.93         7
         736       0.90      0.90      0.90        10
         737       0.72      1.00      0.84        13
         738       1.00      0.70      0.82        10
         739       0.64      0.64      0.64        14
         740       1.00      0.69      0.82        13
         741       0.92      1.00      0.96        12
         742       1.00      0.87      0.93        15
         743       0.50      0.25      0.33        12
         744       1.00      1.00      1.00        15
         745       0.45      0.56      0.50         9
         746       0.62      0.91      0.74        11
         747       0.83      0.77      0.80        13
         748       0.81      1.00      0.90        13
         749       1.00      0.93      0.96        14
         750       0.65      0.85      0.73        13
         751       1.00      0.18      0.31        11
         752       0.71      1.00      0.83        15
         753       0.69      1.00      0.81        11
         754       0.79      0.92      0.85        12
         755       0.88      0.64      0.74        11
         756       0.45      0.38      0.42        13
         757       0.77      0.77      0.77        13
         758       0.89      0.89      0.89         9
         759       0.89      0.67      0.76        12
         760       1.00      0.82      0.90        11
         761       0.82      0.69      0.75        13
         762       1.00      0.44      0.62         9
         763       0.62      0.50      0.56        10
         764       0.80      0.80      0.80        15
         765       0.93      1.00      0.97        14
         766       0.92      1.00      0.96        12
         767       1.00      1.00      1.00        14
         768       0.50      0.36      0.42        11
         769       1.00      0.46      0.63        13
         770       0.92      0.92      0.92        12
         771       1.00      1.00      1.00        14
         772       0.93      0.93      0.93        15
         773       0.88      1.00      0.93        14
         774       1.00      1.00      1.00        12
         775       1.00      0.50      0.67        12
         776       0.59      1.00      0.74        10
         777       0.91      1.00      0.95        10
         778       1.00      0.53      0.70        15
         779       1.00      0.47      0.64        15
         780       0.55      0.75      0.63         8
         781       0.82      0.69      0.75        13
         782       0.94      1.00      0.97        15
         783       0.85      0.92      0.88        12
         784       0.71      0.67      0.69        15
         785       0.92      0.80      0.86        15
         786       0.92      0.92      0.92        13
         787       1.00      1.00      1.00        15
         788       0.93      1.00      0.97        14
         789       1.00      1.00      1.00        14
         790       0.67      0.89      0.76         9
         791       0.85      0.73      0.79        15
         792       0.92      0.92      0.92        13
         793       1.00      0.54      0.70        13
         794       0.71      0.71      0.71        14
         795       0.64      0.64      0.64        11
         796       0.82      1.00      0.90        14
         797       0.92      1.00      0.96        12
         798       1.00      0.91      0.95        11
         799       0.90      0.82      0.86        11
         800       0.69      0.90      0.78        10
         801       1.00      1.00      1.00        14
         802       0.73      0.67      0.70        12
         803       1.00      1.00      1.00        11
         804       0.92      1.00      0.96        12
         805       0.81      1.00      0.90        13
         806       0.58      0.54      0.56        13
         807       0.88      1.00      0.93        14
         808       0.82      0.90      0.86        10
         809       1.00      1.00      1.00        14
         810       0.90      0.69      0.78        13
         811       0.92      0.80      0.86        15
         812       1.00      0.93      0.96        14
         813       0.82      0.93      0.87        15
         814       0.92      0.73      0.81        15
         815       0.93      0.93      0.93        14
         843       1.00      0.46      0.63        13
         844       1.00      0.87      0.93        15
         845       0.75      1.00      0.86        15
         846       1.00      0.77      0.87        13
         847       0.60      0.86      0.71         7
         848       0.87      0.93      0.90        14
         849       0.77      0.71      0.74        14
         850       0.93      1.00      0.96        13

    accuracy                           0.84      1861
   macro avg       0.84      0.83      0.82      1861
weighted avg       0.85      0.84      0.83      1861