Classification report for KNN classifier for k=5:
              precision    recall  f1-score   support

         701       0.88      1.00      0.94        15
         702       1.00      0.71      0.83        14
         703       1.00      1.00      1.00        11
         704       1.00      0.75      0.86        12
         705       0.70      0.88      0.78         8
         706       1.00      1.00      1.00        14
         707       0.80      0.92      0.86        13
         708       0.89      0.89      0.89         9
         709       1.00      1.00      1.00        14
         710       0.88      1.00      0.93        14
         711       0.70      0.54      0.61        13
         712       1.00      1.00      1.00         8
         713       0.88      1.00      0.94        15
         714       1.00      1.00      1.00        15
         715       0.44      0.31      0.36        13
         716       0.86      1.00      0.92        12
         717       1.00      1.00      1.00        13
         718       0.68      1.00      0.81        15
         719       0.75      0.92      0.83        13
         720       1.00      0.90      0.95        10
         721       0.79      0.92      0.85        12
         722       0.50      1.00      0.67         6
         723       0.56      0.83      0.67        12
         724       1.00      0.08      0.15        12
         725       1.00      0.86      0.92        14
         726       0.92      1.00      0.96        12
         727       1.00      1.00      1.00        14
         728       0.93      1.00      0.97        14
         729       0.80      0.62      0.70        13
         730       0.82      1.00      0.90         9
         731       0.53      0.89      0.67         9
         732       0.88      0.93      0.90        15
         733       0.92      0.92      0.92        13
         734       1.00      1.00      1.00        13
         735       0.88      1.00      0.93         7
         736       0.91      1.00      0.95        10
         737       0.72      1.00      0.84        13
         738       0.88      0.70      0.78        10
         739       0.75      0.64      0.69        14
         740       0.77      0.77      0.77        13
         741       0.86      1.00      0.92        12
         742       1.00      0.87      0.93        15
         743       0.75      0.25      0.38        12
         744       1.00      1.00      1.00        15
         745       0.56      0.56      0.56         9
         746       0.67      0.91      0.77        11
         747       0.83      0.77      0.80        13
         748       0.76      1.00      0.87        13
         749       1.00      1.00      1.00        14
         750       0.71      0.77      0.74        13
         751       0.33      0.09      0.14        11
         752       0.75      1.00      0.86        15
         753       0.56      0.91      0.69        11
         754       0.85      0.92      0.88        12
         755       1.00      0.45      0.62        11
         756       0.42      0.38      0.40        13
         757       0.85      0.85      0.85        13
         758       0.80      0.89      0.84         9
         759       0.90      0.75      0.82        12
         760       0.90      0.82      0.86        11
         761       0.88      0.54      0.67        13
         762       1.00      0.33      0.50         9
         763       0.71      0.50      0.59        10
         764       0.87      0.87      0.87        15
         765       0.93      0.93      0.93        14
         766       0.92      1.00      0.96        12
         767       1.00      1.00      1.00        14
         768       0.33      0.36      0.35        11
         769       1.00      0.46      0.63        13
         770       0.89      0.67      0.76        12
         771       1.00      1.00      1.00        14
         772       0.93      0.93      0.93        15
         773       0.93      1.00      0.97        14
         774       1.00      1.00      1.00        12
         775       1.00      0.50      0.67        12
         776       0.59      1.00      0.74        10
         777       0.83      1.00      0.91        10
         778       1.00      0.40      0.57        15
         779       0.86      0.40      0.55        15
         780       0.71      0.62      0.67         8
         781       0.73      0.85      0.79        13
         782       0.94      1.00      0.97        15
         783       0.92      0.92      0.92        12
         784       0.64      0.60      0.62        15
         785       0.92      0.80      0.86        15
         786       0.92      0.85      0.88        13
         787       1.00      1.00      1.00        15
         788       0.93      1.00      0.97        14
         789       1.00      1.00      1.00        14
         790       0.57      0.89      0.70         9
         791       0.91      0.67      0.77        15
         792       0.81      1.00      0.90        13
         793       1.00      0.31      0.47        13
         794       0.62      0.71      0.67        14
         795       1.00      0.64      0.78        11
         796       0.82      1.00      0.90        14
         797       0.92      1.00      0.96        12
         798       1.00      0.91      0.95        11
         799       0.82      0.82      0.82        11
         800       0.91      1.00      0.95        10
         801       1.00      1.00      1.00        14
         802       0.69      0.75      0.72        12
         803       0.92      1.00      0.96        11
         804       0.92      1.00      0.96        12
         805       0.76      1.00      0.87        13
         806       0.78      0.54      0.64        13
         807       0.88      1.00      0.93        14
         808       0.73      0.80      0.76        10
         809       1.00      1.00      1.00        14
         810       0.91      0.77      0.83        13
         811       1.00      0.80      0.89        15
         812       1.00      0.86      0.92        14
         813       0.82      0.93      0.87        15
         814       0.92      0.80      0.86        15
         815       0.87      0.93      0.90        14
         843       1.00      0.62      0.76        13
         844       1.00      0.87      0.93        15
         845       0.68      1.00      0.81        15
         846       1.00      0.85      0.92        13
         847       0.55      0.86      0.67         7
         848       0.87      0.93      0.90        14
         849       0.60      0.64      0.62        14
         850       0.87      1.00      0.93        13

    accuracy                           0.83      1861
   macro avg       0.84      0.82      0.81      1861
weighted avg       0.85      0.83      0.82      1861